v1 = [3, 4, 5];
v2 = [30, 40, 50];

e1 = v1 + v2;
e2 = v1 - v2;
% e3 = v1 * v2;
e4 = v1 .* v2;
e5 = v1 / v2;
e6 = v1 ./ v2;
e7 = v1 + v2 .* v1;
e8 = (v1 + v2) .* v1;

e9 = (v2 ./ v1) / 10;
e10 = v2 / v1;